00000000000000000000000000000000000000000000001111111111000000000000000000000000
00000000000000000000000011000000111111111111111111111111110000001111111111111111
00000000000000000000111111110000111111111111111111111111110000001111111111111111
00000000000000000011111111111100001111111111001111111111110000111111111111111111
00000000000000000000111111111111000011111100001111111111000000111111111111111111
00000000001111000000111111111111000011111100001111110011000011111111111111111111
00000011111111110000001111111111110000111100001111110000000011111111111111111111
00001111111111111100000000111111111100001100001111110000000011111111111111001111
00001111111111111100000000000000000000000000000000000000001111111111111111000011
00111111111111111100000000000000000000000000000000000000000000111111111111000011
00111111111111110000000000000000000000000000000000000000000000000000111111110000
00111111111111110000000000000000000000000000000000000000000000000000000000000000
00111111111111000000000000000000000000000000000000000011111111000000000000000000
11111111111111000000000000000000000000000000000000000000111111111111111111110000
11111111111111000000000000000000000000000000000000000000111111111111111111110000
11111111111100000000000000000000000000000000001111000000111111111111111111110000
11111111111111000000000000000000000000000000111111000000111111111111111111110000
11111111111111000000000000000000000000000000001111000000111111111111111111110000
11111111111111110000000000000000000000000000000011000011111111111111111111110000
11111111111111110000000000000000000000000011000000000011111111111111111111110000
11111111111111111100000000000000000000001111000000000011111111111111111111000011
11111111000011111111000000000000000000111111110000000011111111111111111111000011
11111111110000001111111100000000001111111111110000000011111111111111000000000011
11111111111100000011111111111111111111111100000000000011000000000000000000001111
11111111111111110000001111111111111111110000000011000000000000000000001111111111
11111111111111111111000011111111111111000000111111110000000011111111111111111111
11111111111111111111110000001111110000000011111111111111111111111111111111111111
11111111111111111111111111000000000000001111111111111111111111111111111111111111
11111111111111111111111111110000000011111111111111111111111111111111111111111111
11111111111111111111111111111111001111111111111111111111111111111111111111111111


Created with ASCII Art Maker 1.72
http://www.altarsoft.com/ascii_art_maker.shtml

