00000000000000000000000000000000000000000000001111111111000000000000000000000000
00000000000000000000000011110000111111111111111111111111000011111111111111111111
00000000000011111100111111111100001111111111111111111111000011111111111111111111
00000000000000111111111111111100000011111111111111111111000011111111111111111111
00000000000000111111111111111111000011110011111111111100000011111111111111111111
00000000000000001111111111111111000000000011111100111100001111111111111111111111
00000011110000000011111111111111110000000011111100000000001111111111111111111111
00001111111100000000111111111111110000000011111100000000111111111111111111111111
00111111111111000000001111111111111100000011000000000000111111111111111100111111
00111111111111110000000000000000000000000000000000000000111111111111111100001111
00111111111111000000000000000000000000000000000000000000000000111111111100000000
00111111111111000000000000000000000000000000000000000000000000000000000000000000
00111111111100000000000000000000000000000000000000000011000000000000000000000000
00111111111100000000000000000000000000000000000000001111111111111100000000001111
11111111111100000000000000000000000000000000000000001111111111111111111111001111
11111111110000000000000000000000000000000000111100001111111111111111111111001111
11111111111100000000000000000000000000001111111100001111111111111111111111001111
11111111111100000000000000000000000000000011111100001111111111111111111100001111
11111111111100000000000000000000000000000000110000001111111111111111111100001111
11111100001111000000000000000000000000000000000000001111111111111111111100001111
11111111000011000000000000000000000000110000000000001111111111111111111100001111
11111111110000110000000000000000000000111100000000001111111111111111111100001111
11111111111100001111000000000000000011111111000000001111111111111111111100111111
11111111111111000000111100000011111111111100000000001111111111110000000000111111
11111111111111111100001111111111111111000000000000000000000000000000000000111111
11111111111111111111000011111111110000000000111100000000000000000000111111111111
11111111111111111111110000000000000000001111111111111111111111111111111111111111
11111111111111111111111100000000000011111111111111111111111111111111111111111111
11111111111111111111111111110011111111111111111111111111111111111111111111111111
11111111111111111111111111111111111111111111111111111111111111111111111111111111


Created with ASCII Art Maker 1.72
http://www.altarsoft.com/ascii_art_maker.shtml

