00000000000000000000000000000000000000000011001111111111000011000000000000000000
00000000000000000000111111110000111111111111111111111111000011111111111111110000
00000000000011111100111111110000111111111111111111111100000011111111111111111111
00000000000011111111111111111100001111111111111111111100000011111111111111111111
00000000000000111111111111111100001111001111111111111100001111111111111111111111
00000000000000111111111111111111000011001111110011110000001111111111111111111111
00000011000000001111111111111111000000001111110000110000111111111111111111111111
00111111110000001111111111111111000000001111110000110000111111111111111111111111
00111111111100000011111111111111110000001111111100000000111111111111111111111111
00111111111111000000000000000000110000000000000000000000111111111111111111111111
00111111111111110000000000000000000000000000000000000000000011111111111111000000
00111111111111000000000000000000000000000000000000000000000000000000000000000000
00111111111100000000000000000000000000000000000000001100000000000000000000000011
00111111111100000000000000000000000000000000000000001111111111000000000000111111
11111111111100000000000000000000000000000000000000001111111111111111111111111111
11111111111100000000000000000000000000000000110000001111111111111111111111110000
11111111110000000000000000000000000000001111110000111111111111111111111111110000
11111111110000000000000000000000000000001111110000111111111111111111111111110011
11111111111100000000000000000000000000000011000000111111111111111111111111000011
11110011111100000000000000000000000000000011000000111111111111111111111111001111
11110000001111000000000000000000000000000000000000111111111111111111111100001111
11111111000011110000000000000000000000110000000000111111111111111111111100001111
11111111110000111100000000000000000011110000000011111111111111111111111100111111
11111111111100001111000000000000001111111100000011111111111111111111110000111111
11111111111111000011111111111111111111000000000011111111111111111111110011111111
11111111111111110000001111111111110000000000000000001111111111111111000011111111
11111111111111111100000011000000000000001111110000000000001111111100001111111111
11111111111111111111110000000000000011111111111111110000000000000000001111111111
11111111111111111111111100000011111111111111111111111111000000000000111111111111
11111111111111111111111111111111111111111111111111111111111100000000111111111111


Created with ASCII Art Maker 1.72
http://www.altarsoft.com/ascii_art_maker.shtml

