00000000000000000000000000000000000000110011111111111100000011110000000000000000
00000000000000000000111111000011111111111111111111111100001111111111111111110000
00000000000011111111111111000011111111111111111111111100001111111111111111111111
00000000001111111111111111110000111111111111111111110000001111111111111111111111
00000000000011111111111111110000110000111111111111110000111111111111111111111111
00000000000011111111111111111100000000111111111111110000111111111111111111111111
00000000000000111111111111111100000000111111000011000000111111111111111111111111
00111111000000001111111111111100000000111111000011000011111111111111111111111111
00111111110000000000000011111111000000000000000000000011111111111111111111111111
00111111111100000000000000000000000000000000000000000000111111111111111111000000
00111111111100000000000000000000000000000000000000000000000000111111110000000000
00111111110000000000000000000000000000000000000011000000000000000000000000001111
00111111110000000000000000000000000000000000000000111111000000000000000000111111
00111111110000000000000000000000000000000000000000111111111111111111111111111111
11111111110000000000000000000000000000000000000000111111111111111111111111111111
11111111110000000000000000000000000000001111110000111111111111111111111111111111
11111111110000000000000000000000000000000011110000111111111111111111111111111111
11111111110000000000000000000000000000000011110000001111111111001111111111111111
11111111110000000000000000000000000000000011110000001111111111000011111111111111
00001111111100000000000000000000000000000000111100001111111111000011111111111111
11000011111100000000000000000000000000000011111100001111111111000011111111111111
11110000111111000000000000000000000000000011111100001111111111000011111111111111
11111100000011111100000000000000111111000011111100000011111111000011111111111111
11111111110000111111111111111111111111000011111100000000111100000011111111111111
11111111111100001111111111111111110000000011111111000000000000001111111111111111
11111111111111000011111111110000000000001111111111110000000000001111111111111111
11111111111111110000000000000000001111111111111111111111111111111111111111111111
11111111111111111100000000000011111111111111111111111111111111111111111111111111
11111111111111111111111111111111111111111111111111111111111111111111111111111111
11111111111111111111111111111111111111111111111111111111111111111111111111111111


Created with ASCII Art Maker 1.72
http://www.altarsoft.com/ascii_art_maker.shtml

