00000000000000000000000000000000000000110011111111111111000000110000000000000000
00000000000000001111110000001111111111111111111111111111000000111111111111110000
00000000110000111111111100001111111111111111111111111111000000111111111111111111
00000000001111111111111111000011001111111111111111111111000000111111111111111111
00000000001111111111111111000011000011111111111111111111000000111111111111111111
00000000001111111111111111110000000011111111111111111100000011111111111111111111
00111100000011111111111111110000000011111111001111111100000011111111111111111111
00111111000000111111111111110000000011110000000011110000001111111111111111111111
00111111000000000000000000000000000000000000000000110000111111111111111111110000
00111111110000000000000000000000000000000000000000000000111111111111111100000000
00111111110000000000000000000000000000000000000000000000000000001111000000000000
00111111000000000000000000000000000000000000000000000000000000000000000000111111
00111111000000000000000000000000000000000000000000001111110000000000000011111111
11111111000000000000000000000000000000000000000000000011111111111111111111111111
11111111000000000000000000000000000000001111000000000011111111111111111111111111
11111111000000000000000000000000000000001111110000000000111111111111111111111111
11111111000000000000000000000000000000000011111100000000111111111111111111111111
11111111000000000000000000000000000000000011111100000000111111111111111111111111
11111111000000000000000000000000000000000000111111000000111111111111111111111111
00001111110000000000000000000000000000000011111111110000111111111111111111111111
00000011111100000000000000000000000000001111111111111111111111111111111111111111
11110000111111000000000000000000000000001111111111111111111111111111111111111111
11111100001111111100000000000011111100001111111111111111111111111111111111111111
11111111000000111111111111111111110000000011111111111111111111111111111111111111
11111111110000001111111111110000000000001111111111111111111111111111111111111111
11111111111111000000000000000000000000111111111111111111111111111111111111111111
11111111111111110000000000000011111111111111111111111111111111111111111111111111
11111111111111111100000011111111111111111111111111111111111111111111111111111111
11111111111111111111111111111111111111111111111111111111111111111111111111111111
11111111111111111111111111111111111111111111111111111111111111111111111111111111


Created with ASCII Art Maker 1.72
http://www.altarsoft.com/ascii_art_maker.shtml

