00000000000000000000000000000000000011111111000011111111111111110000000000000000
00000000000000000000001100000000000011111111000011111111111111111111111111110000
00000000000000000000000011111111000011111111110011111111111111111111111111000000
00000000000000001100000011111111000000111111110000111111111111111111111100000000
00000000000011111111000000111111000000001111000000111111111111111111000000000011
00000000000000000011000000000000000000001111000000111111111111111100000000111111
00000000000000000000000000000000000000000000000011111111111111000000000011111111
00000000000000000000000000000000000000000000000011111111110000000000111111111111
00000000000000000000000000000000000000000000000000000000000000001111111111111111
00000000000000000000000000000000000000000000000000000000000000111111111111111111
00000000000000000000000000000000000000000000111111110000111111111111111111111111
00000000000000000000000000000000000000000011111111111111111111111111111111111111
00000000000000000000000000000000000011111111111111111111111111111111111111111111
00000000000000000000000000000000000011111111111111111111111111111111111111111111
00000000000000000000000000000011000011111111111111111111111111111111111111111111
00000000000000000000000000000011000011111111111111111111111111111111111111111111
00000000000000000000000000000000111111111111111111111111111111111111111111111111
00000000000000000000000000000011111111111111111111111111111111111111111111111111
11000000000000000000000000111111111111111111111111111111111111111111111111111111
00111100000000000000000011111111111111111111111111111111111111111111111111111111
00000000000000000000111111111111111111111111111111111111111111111111111111111111
00000000000000000000111111111111111111111111111111111111111111111111111111111111
11111100000000000011111111111111111111111111111111111111111111111111111111111111
11111111111111111111111111111111111111111111111111111111111111111111111111111111
11111111111111111111111111111111111111111111111111111111111111111111111111111111
11111111111111111111111111111111111111111111111111111111111111111111111111111111
11111111111111111111111111111111111111111111111111111111111111111111111111111111
11111111111111111111111111111111111111111111111111111111111111111111111111111111
11111111111111111111111111111111111111111111111111111111111111111111111111111111
11111111111111111111111111111111111111111111111111111111111111111111111111111111


Created with ASCII Art Maker 1.72
http://www.altarsoft.com/ascii_art_maker.shtml

