00000000000000000000000000000000000000001111000011111111111111000000000000000000
00000000000000000000000000000000111111111111000011111111111111111111111111000000
00000000000000000000110000000000001111111111110000111111111111111111111111110000
00000000000000000000000000000000001111111111110000111111111111111111111111000000
00000000000000000000111100000000000011111111111100001111111111111111111100000000
00000000000000000000001100000000000000111111111100001111111111111111000000000011
00000000000000000000000011000000000000000011111100001111111111111100000000001111
00000000000000000000000000000000000000000000000000001111111111000000000011111111
00000000000000000000000000000000000000000000000000000011110000000000111111111111
00000000000000000000000000000000000000000000000000000000000000001111111111111111
00000000000000000000000000000000000000000000000000000000000000111111111111111111
00000000000000000000000000000000000000000000001111111111111111111111111111111111
00000000000000000000000000000000000000000000001111111111111111111111111111111111
00000000000000000000000000000000000000110011111111111111111111111111111111111111
00000000000000000000000000000000000000111111111111111111111111111111111111111111
00000000000000000000000000000000000000111111111111111111111111111111111111111111
00000000000000000000000000000000001111111111111111111111111111111111111111111111
00110000000000000000000000000000001111111111111111111111111111111111111111111111
11111100000000000000000000000000001111111111111111111111111111111111111111111111
11111111000000000000000000000000111111111111111111111111111111111111111111111111
00111111110000000000000011111111111111111111111111111111111111111111111111111111
00000011111111110000111111111111111111111111111111111111111111111111111111111111
00000000000000000000111111111111111111111111111111111111111111111111111111111111
00000000000000000011111111111111111111111111111111111111111111111111111111111111
11111111110000000011111111111111111111111111111111111111111111111111111111111111
11111111111111111111111111111111111111111111111111111111111111111111111111111111
11111111111111111111111111111111111111111111111111111111111111111111111111111111
11111111111111111111111111111111111111111111111111111111111111111111111111111111
11111111111111111111111111111111111111111111111111111111111111111111111111111111
11111111111111111111111111111111111111111111111111111111111111111111111111111111


Created with ASCII Art Maker 1.72
http://www.altarsoft.com/ascii_art_maker.shtml

